 NGCMN    NGCMX     NGC     S0C   S1C       EC      OGCMN      OGCMX       OGC         OC       MCMN     MCMX      MC     CCSMN    CCSMX     CCSC    YGC    FGC 
684032.0 9087488.0 9087488.0 261120.0 183808.0 8576512.0  1368064.0 18175488.0 18175488.0 18175488.0      0.0 1112064.0  73176.0      0.0 1048576.0   9728.0   2995  1634
684032.0 9087488.0 9087488.0 261120.0 183808.0 8576512.0  1368064.0 18175488.0 18175488.0 18175488.0      0.0 1112064.0  73176.0      0.0 1048576.0   9728.0   2995  1635
684032.0 9087488.0 9087488.0 261120.0 183808.0 8576512.0  1368064.0 18175488.0 18175488.0 18175488.0      0.0 1112064.0  73176.0      0.0 1048576.0   9728.0   2996  1635
684032.0 9087488.0 9087488.0 261120.0 183808.0 8576512.0  1368064.0 18175488.0 18175488.0 18175488.0      0.0 1112064.0  73176.0      0.0 1048576.0   9728.0   2996  1636
684032.0 9087488.0 9087488.0 261120.0 183808.0 8576512.0  1368064.0 18175488.0 18175488.0 18175488.0      0.0 1112064.0  73176.0      0.0 1048576.0   9728.0   2996  1636
684032.0 9087488.0 9087488.0 261120.0 183808.0 8576512.0  1368064.0 18175488.0 18175488.0 18175488.0      0.0 1112064.0  73176.0      0.0 1048576.0   9728.0   2996  1637
684032.0 9087488.0 9087488.0 261120.0 183808.0 8576512.0  1368064.0 18175488.0 18175488.0 18175488.0      0.0 1112064.0  73176.0      0.0 1048576.0   9728.0   2997  1637
684032.0 9087488.0 9087488.0 261120.0 183808.0 8576512.0  1368064.0 18175488.0 18175488.0 18175488.0      0.0 1112064.0  73176.0      0.0 1048576.0   9728.0   2997  1638
684032.0 9087488.0 9087488.0 261120.0 183808.0 8576512.0  1368064.0 18175488.0 18175488.0 18175488.0      0.0 1112064.0  73176.0      0.0 1048576.0   9728.0   2997  1638
