 NGCMN    NGCMX     NGC     S0C   S1C       EC      OGCMN      OGCMX       OGC         OC       MCMN     MCMX      MC     CCSMN    CCSMX     CCSC    YGC    FGC 
684032.0 1747456.0 1747456.0 73728.0 55296.0 1607168.0  1368064.0  3495424.0  3495424.0  3495424.0      0.0 1120256.0  80856.0      0.0 1048576.0  10752.0   3780 17292
684032.0 1747456.0 1747456.0 73728.0 55296.0 1607168.0  1368064.0  3495424.0  3495424.0  3495424.0      0.0 1120256.0  80856.0      0.0 1048576.0  10752.0   3780 17292
684032.0 1747456.0 1747456.0 73728.0 55296.0 1607168.0  1368064.0  3495424.0  3495424.0  3495424.0      0.0 1120256.0  80856.0      0.0 1048576.0  10752.0   3780 17293
684032.0 1747456.0 1747456.0 73728.0 55296.0 1607168.0  1368064.0  3495424.0  3495424.0  3495424.0      0.0 1120256.0  80856.0      0.0 1048576.0  10752.0   3780 17293
684032.0 1747456.0 1747456.0 73728.0 55296.0 1607168.0  1368064.0  3495424.0  3495424.0  3495424.0      0.0 1120256.0  80856.0      0.0 1048576.0  10752.0   3780 17294
684032.0 1747456.0 1747456.0 73728.0 55296.0 1607168.0  1368064.0  3495424.0  3495424.0  3495424.0      0.0 1120256.0  80856.0      0.0 1048576.0  10752.0   3780 17294
684032.0 1747456.0 1747456.0 73728.0 55296.0 1607168.0  1368064.0  3495424.0  3495424.0  3495424.0      0.0 1120256.0  80856.0      0.0 1048576.0  10752.0   3780 17295
684032.0 1747456.0 1747456.0 73728.0 55296.0 1607168.0  1368064.0  3495424.0  3495424.0  3495424.0      0.0 1120256.0  80856.0      0.0 1048576.0  10752.0   3780 17295
684032.0 1747456.0 1747456.0 73728.0 55296.0 1607168.0  1368064.0  3495424.0  3495424.0  3495424.0      0.0 1120256.0  80856.0      0.0 1048576.0  10752.0   3780 17296
684032.0 1747456.0 1747456.0 73728.0 55296.0 1607168.0  1368064.0  3495424.0  3495424.0  3495424.0      0.0 1120256.0  80856.0      0.0 1048576.0  10752.0   3780 17296
684032.0 1747456.0 1747456.0 73728.0 55296.0 1607168.0  1368064.0  3495424.0  3495424.0  3495424.0      0.0 1120256.0  80856.0      0.0 1048576.0  10752.0   3780 17297
684032.0 1747456.0 1747456.0 73728.0 55296.0 1607168.0  1368064.0  3495424.0  3495424.0  3495424.0      0.0 1120256.0  80856.0      0.0 1048576.0  10752.0   3780 17297
684032.0 1747456.0 1747456.0 73728.0 55296.0 1607168.0  1368064.0  3495424.0  3495424.0  3495424.0      0.0 1120256.0  80856.0      0.0 1048576.0  10752.0   3780 17298
684032.0 1747456.0 1747456.0 73728.0 55296.0 1607168.0  1368064.0  3495424.0  3495424.0  3495424.0      0.0 1120256.0  80856.0      0.0 1048576.0  10752.0   3780 17298
